10
0.0 93.5264849866 96.1964069502 96.1964069502 95.4550912271 96.1964069502 93.5264849866 96.7619234507 96.7619234507 95.4550912271
93.5264849866 0.0 99.291190441 96.1964069502 96.7619234507 99.291190441 96.7619234507 96.7619234507 96.7619234507 96.1964069502
96.1964069502 99.291190441 0.0 95.4550912271 96.1964069502 93.5264849866 99.291190441 99.291190441 99.291190441 95.4550912271
96.1964069502 96.1964069502 95.4550912271 0.0 99.291190441 99.291190441 99.291190441 96.7619234507 95.4550912271 95.4550912271
95.4550912271 96.7619234507 96.1964069502 99.291190441 0.0 99.291190441 93.5264849866 95.4550912271 95.4550912271 93.5264849866
96.1964069502 99.291190441 93.5264849866 99.291190441 99.291190441 0.0 96.7619234507 96.1964069502 96.7619234507 96.1964069502
93.5264849866 96.7619234507 99.291190441 99.291190441 93.5264849866 96.7619234507 0.0 93.5264849866 95.4550912271 95.4550912271
96.7619234507 96.7619234507 99.291190441 96.7619234507 95.4550912271 96.1964069502 93.5264849866 0.0 96.1964069502 93.5264849866
96.7619234507 96.7619234507 99.291190441 95.4550912271 95.4550912271 96.7619234507 95.4550912271 96.1964069502 0.0 96.1964069502
95.4550912271 96.1964069502 95.4550912271 95.4550912271 93.5264849866 96.1964069502 95.4550912271 93.5264849866 96.1964069502 0.0
