12
0.0 95.0259904323 97.3107526368 95.0259904323 106.213033612 99.5536832586 103.831614545 103.251489956 103.251489956 95.0259904323 97.3107526368 99.5536832586
95.0259904323 0.0 106.213033612 106.213033612 95.0259904323 100.734007712 100.734007712 103.831614545 103.251489956 100.734007712 106.213033612 103.831614545
97.3107526368 106.213033612 0.0 97.3107526368 100.734007712 95.0259904323 103.251489956 97.3107526368 103.831614545 103.251489956 95.0259904323 99.5536832586
95.0259904323 106.213033612 97.3107526368 0.0 99.5536832586 100.734007712 99.5536832586 103.831614545 103.831614545 95.0259904323 106.213033612 100.734007712
106.213033612 95.0259904323 100.734007712 99.5536832586 0.0 103.831614545 100.734007712 99.5536832586 99.5536832586 97.3107526368 100.734007712 97.3107526368
99.5536832586 100.734007712 95.0259904323 100.734007712 103.831614545 0.0 103.251489956 97.3107526368 99.5536832586 103.831614545 106.213033612 99.5536832586
103.831614545 100.734007712 103.251489956 99.5536832586 100.734007712 103.251489956 0.0 100.734007712 95.0259904323 106.213033612 103.831614545 99.5536832586
103.251489956 103.831614545 97.3107526368 103.831614545 99.5536832586 97.3107526368 100.734007712 0.0 95.0259904323 97.3107526368 103.251489956 95.0259904323
103.251489956 103.251489956 103.831614545 103.831614545 99.5536832586 99.5536832586 95.0259904323 95.0259904323 0.0 106.213033612 97.3107526368 106.213033612
95.0259904323 100.734007712 103.251489956 95.0259904323 97.3107526368 103.831614545 106.213033612 97.3107526368 106.213033612 0.0 103.251489956 103.831614545
97.3107526368 106.213033612 95.0259904323 106.213033612 100.734007712 106.213033612 103.831614545 103.251489956 97.3107526368 103.251489956 0.0 95.0259904323
99.5536832586 103.831614545 99.5536832586 100.734007712 97.3107526368 99.5536832586 99.5536832586 95.0259904323 106.213033612 103.831614545 95.0259904323 0.0
