12
0.0 151.110603421 90.1291840381 127.8286208 97.8131308967 98.0719807658 95.4261485505 127.643276016 124.414158512 96.850740356 110.126443687 112.928851053
151.110603421 0.0 114.295779732 99.6108442218 79.3059087663 68.5468502631 52.7476635723 81.0383499096 82.7909599736 99.1293055177 126.721729621 98.0211497845
90.1291840381 114.295779732 0.0 124.414158512 79.3059087663 69.1864563337 68.0925147793 110.986285373 110.986285373 61.7076461139 125.086811835 84.9076073585
127.8286208 99.6108442218 124.414158512 0.0 96.4747598174 150.984904902 75.3452545216 95.1677558141 98.0719807658 119.330755158 85.1735699659 142.246267893
97.8131308967 79.3059087663 79.3059087663 96.4747598174 0.0 105.360372087 91.0103257887 106.494564244 98.0719807658 60.0537730318 136.796625166 84.7304049261
98.0719807658 68.5468502631 69.1864563337 150.984904902 105.360372087 0.0 89.9656508179 160.077614593 93.2028980414 140.541750771 93.9401959849 142.246267893
95.4261485505 52.7476635723 68.0925147793 75.3452545216 91.0103257887 89.9656508179 0.0 80.9047063705 139.83129107 133.27578772 107.416405365 61.7076461139
127.643276016 81.0383499096 110.986285373 95.1677558141 106.494564244 160.077614593 80.9047063705 0.0 99.0929892713 99.9929186178 90.8054643889 96.2287275485
124.414158512 82.7909599736 110.986285373 98.0719807658 98.0719807658 93.2028980414 139.83129107 99.0929892713 0.0 75.2596687515 92.2403461639 142.023842763
96.850740356 99.1293055177 61.7076461139 119.330755158 60.0537730318 140.541750771 133.27578772 99.9929186178 75.2596687515 0.0 99.6108442218 72.2170762146
110.126443687 126.721729621 125.086811835 85.1735699659 136.796625166 93.9401959849 107.416405365 90.8054643889 92.2403461639 99.6108442218 0.0 99.9929186178
112.928851053 98.0211497845 84.9076073585 142.246267893 84.7304049261 142.246267893 61.7076461139 96.2287275485 142.023842763 72.2170762146 99.9929186178 0.0
